{
 "cells": [
  {
   "cell_type": "code",
   "execution_count": 2,
   "metadata": {},
   "outputs": [],
   "source": [
    "import numpy as np"
   ]
  },
  {
   "cell_type": "code",
   "execution_count": 3,
   "metadata": {},
   "outputs": [
    {
     "name": "stdout",
     "output_type": "stream",
     "text": [
      "[[0.88594794 0.07791236 0.97964616 0.24767146 0.75288472]\n",
      " [0.52667564 0.90755375 0.8840703  0.08926896 0.5173446 ]\n",
      " [0.34362129 0.21229369 0.36067344 0.27077517 0.76162502]\n",
      " [0.4780419  0.09899468 0.27539478 0.79442731 0.51397031]\n",
      " [0.45329481 0.25515125 0.1139766  0.82431305 0.3177535 ]]\n"
     ]
    }
   ],
   "source": [
    "rs = np.random.RandomState(321) # create a random state object\n",
    "arr = rs.rand(5,5)\n",
    "print(arr)"
   ]
  },
  {
   "cell_type": "markdown",
   "metadata": {},
   "source": [
    "### sort an array along a specified axis"
   ]
  },
  {
   "cell_type": "code",
   "execution_count": 5,
   "metadata": {},
   "outputs": [
    {
     "name": "stdout",
     "output_type": "stream",
     "text": [
      "[[0.34362129 0.07791236 0.1139766  0.08926896 0.3177535 ]\n",
      " [0.45329481 0.09899468 0.27539478 0.24767146 0.51397031]\n",
      " [0.4780419  0.21229369 0.36067344 0.27077517 0.5173446 ]\n",
      " [0.52667564 0.25515125 0.8840703  0.79442731 0.75288472]\n",
      " [0.88594794 0.90755375 0.97964616 0.82431305 0.76162502]]\n",
      " \n",
      "[[0.88594794 0.07791236 0.97964616 0.24767146 0.75288472]\n",
      " [0.52667564 0.90755375 0.8840703  0.08926896 0.5173446 ]\n",
      " [0.34362129 0.21229369 0.36067344 0.27077517 0.76162502]\n",
      " [0.4780419  0.09899468 0.27539478 0.79442731 0.51397031]\n",
      " [0.45329481 0.25515125 0.1139766  0.82431305 0.3177535 ]]\n"
     ]
    }
   ],
   "source": [
    "# sort along the column and return a copy\n",
    "print(np.sort(arr, axis=0))   \n",
    "print(\" \")\n",
    "print(arr)  # original array remains unsorted"
   ]
  },
  {
   "cell_type": "code",
   "execution_count": 6,
   "metadata": {},
   "outputs": [
    {
     "name": "stdout",
     "output_type": "stream",
     "text": [
      "[[0.34362129 0.07791236 0.1139766  0.08926896 0.3177535 ]\n",
      " [0.45329481 0.09899468 0.27539478 0.24767146 0.51397031]\n",
      " [0.4780419  0.21229369 0.36067344 0.27077517 0.5173446 ]\n",
      " [0.52667564 0.25515125 0.8840703  0.79442731 0.75288472]\n",
      " [0.88594794 0.90755375 0.97964616 0.82431305 0.76162502]]\n"
     ]
    }
   ],
   "source": [
    "# sort along the column in place\n",
    "arr.sort(axis=0)\n",
    "print(arr) # now sorted along the column"
   ]
  },
  {
   "cell_type": "code",
   "execution_count": 5,
   "metadata": {},
   "outputs": [
    {
     "name": "stdout",
     "output_type": "stream",
     "text": [
      "[[0.02051216 0.07577069 0.160538   0.23410999 0.32367677]\n",
      " [0.20910696 0.2196075  0.22756129 0.54927129 0.67417506]\n",
      " [0.32657277 0.56279363 0.62776371 0.63553217 0.79901529]\n",
      " [0.52581954 0.69288395 0.70838123 0.7183594  0.96520237]\n",
      " [0.54773388 0.79908087 0.81701677 0.97694313 0.98800108]]\n"
     ]
    }
   ],
   "source": [
    "# sort along the column and return a copy\n",
    "print(np.sort(arr, axis=1))    "
   ]
  },
  {
   "cell_type": "code",
   "execution_count": 7,
   "metadata": {},
   "outputs": [
    {
     "name": "stdout",
     "output_type": "stream",
     "text": [
      "[[0.07791236 0.08926896 0.1139766  0.3177535  0.34362129]\n",
      " [0.09899468 0.24767146 0.27539478 0.45329481 0.51397031]\n",
      " [0.21229369 0.27077517 0.36067344 0.4780419  0.5173446 ]\n",
      " [0.25515125 0.52667564 0.75288472 0.79442731 0.8840703 ]\n",
      " [0.76162502 0.82431305 0.88594794 0.90755375 0.97964616]]\n"
     ]
    }
   ],
   "source": [
    "# sort along the row in place\n",
    "arr.sort(axis=1)    \n",
    "print(arr)"
   ]
  },
  {
   "cell_type": "markdown",
   "metadata": {},
   "source": [
    "### compute the indices that would sort an array along a specified axis"
   ]
  },
  {
   "cell_type": "code",
   "execution_count": 8,
   "metadata": {},
   "outputs": [
    {
     "name": "stdout",
     "output_type": "stream",
     "text": [
      "[[0.88594794 0.07791236 0.97964616 0.24767146 0.75288472]\n",
      " [0.52667564 0.90755375 0.8840703  0.08926896 0.5173446 ]\n",
      " [0.34362129 0.21229369 0.36067344 0.27077517 0.76162502]\n",
      " [0.4780419  0.09899468 0.27539478 0.79442731 0.51397031]\n",
      " [0.45329481 0.25515125 0.1139766  0.82431305 0.3177535 ]]\n"
     ]
    }
   ],
   "source": [
    "rs = np.random.RandomState(321) # create a random state object\n",
    "arr = rs.rand(5,5)\n",
    "print(arr)"
   ]
  },
  {
   "cell_type": "code",
   "execution_count": null,
   "metadata": {},
   "outputs": [
    {
     "name": "stdout",
     "output_type": "stream",
     "text": [
      "[[2 0 4 1 4]\n",
      " [4 3 3 0 3]\n",
      " [3 2 2 2 1]\n",
      " [1 4 1 3 0]\n",
      " [0 1 0 4 2]]\n"
     ]
    }
   ],
   "source": [
    "# along the column - return the indices that would sort the array\n",
    "print(np.argsort(arr, axis=0))"
   ]
  },
  {
   "cell_type": "code",
   "execution_count": 10,
   "metadata": {},
   "outputs": [
    {
     "name": "stdout",
     "output_type": "stream",
     "text": [
      "[[1 3 4 0 2]\n",
      " [3 4 0 2 1]\n",
      " [1 3 0 2 4]\n",
      " [1 2 0 4 3]\n",
      " [2 1 4 0 3]]\n"
     ]
    }
   ],
   "source": [
    "# along the row - return the indices that would sort the array\n",
    "print(np.argsort(arr, axis=1))"
   ]
  },
  {
   "cell_type": "code",
   "execution_count": 11,
   "metadata": {},
   "outputs": [
    {
     "name": "stdout",
     "output_type": "stream",
     "text": [
      "[ 1  8 16 22 11  3 21 13 17 24 10 12 20 15 19  9  5  4 14 18 23  7  0  6\n",
      "  2]\n"
     ]
    }
   ],
   "source": [
    "# if axis=None, return the indices of a flattened array\n",
    "print(np.argsort(arr, axis=None))"
   ]
  },
  {
   "cell_type": "code",
   "execution_count": null,
   "metadata": {},
   "outputs": [],
   "source": []
  }
 ],
 "metadata": {
  "kernelspec": {
   "display_name": "p310env",
   "language": "python",
   "name": "python3"
  },
  "language_info": {
   "codemirror_mode": {
    "name": "ipython",
    "version": 3
   },
   "file_extension": ".py",
   "mimetype": "text/x-python",
   "name": "python",
   "nbconvert_exporter": "python",
   "pygments_lexer": "ipython3",
   "version": "3.10.19"
  }
 },
 "nbformat": 4,
 "nbformat_minor": 2
}
